# reltime ampl
0.000000e+00 -1.700160e-03
9.090909e-03 -1.676145e-03
1.818182e-02 -1.650901e-03
2.727273e-02 -1.620673e-03
3.636364e-02 -1.579383e-03
4.545455e-02 -1.518775e-03
5.454545e-02 -1.428558e-03
6.363636e-02 -1.296545e-03
7.272727e-02 -1.108785e-03
8.181818e-02 -8.496895e-04
9.090909e-02 -5.021583e-04
1.000000e-01 -4.769562e-05
1.090909e-01 5.334738e-04
1.181818e-01 1.262295e-03
1.272727e-01 2.160776e-03
1.363636e-01 3.251886e-03
1.454545e-01 4.559460e-03
1.545455e-01 6.108097e-03
1.636364e-01 7.923081e-03
1.727273e-01 1.003028e-02
1.818182e-01 1.245608e-02
1.909091e-01 1.522728e-02
2.000000e-01 1.837104e-02
2.090909e-01 2.191481e-02
2.181818e-01 2.588622e-02
2.272727e-01 3.031306e-02
2.363636e-01 3.522320e-02
2.454545e-01 4.064451e-02
2.545455e-01 4.660483e-02
2.636364e-01 5.313189e-02
2.727273e-01 6.025327e-02
2.818182e-01 6.799637e-02
2.909091e-01 7.638831e-02
3.000000e-01 8.545594e-02
3.090909e-01 9.522574e-02
3.181818e-01 1.057239e-01
3.272727e-01 1.169760e-01
3.363636e-01 1.290074e-01
3.454545e-01 1.418428e-01
3.545455e-01 1.555065e-01
3.636364e-01 1.700221e-01
3.727273e-01 1.854129e-01
3.818182e-01 2.017012e-01
3.909091e-01 2.189091e-01
4.000000e-01 2.370576e-01
4.090909e-01 2.561675e-01
4.181818e-01 2.762585e-01
4.272727e-01 2.973499e-01
4.363636e-01 3.194600e-01
4.454545e-01 3.426066e-01
4.545455e-01 3.668066e-01
4.636364e-01 3.920762e-01
4.727273e-01 4.184307e-01
4.818182e-01 4.458849e-01
4.909091e-01 4.744525e-01
5.000000e-01 5.041465e-01
5.090909e-01 5.349792e-01
5.181818e-01 5.669620e-01
5.272727e-01 6.001054e-01
5.363636e-01 6.344192e-01
5.454545e-01 6.699123e-01
5.545455e-01 7.065930e-01
5.636364e-01 7.444685e-01
5.727273e-01 7.835452e-01
5.818182e-01 8.238289e-01
5.909091e-01 8.653245e-01
6.000000e-01 9.080359e-01
6.090909e-01 9.519664e-01
6.181818e-01 9.971185e-01
6.272727e-01 1.043494e+00
6.363636e-01 1.091093e+00
6.454545e-01 1.139916e+00
6.545455e-01 1.189963e+00
6.636364e-01 1.241232e+00
6.727273e-01 1.293720e+00
6.818182e-01 1.347425e+00
6.909091e-01 1.402343e+00
7.000000e-01 1.458470e+00
7.090909e-01 1.515800e+00
7.181818e-01 1.574327e+00
7.272727e-01 1.634045e+00
7.363636e-01 1.694947e+00
7.454545e-01 1.757025e+00
7.545455e-01 1.820269e+00
7.636364e-01 1.884671e+00
7.727273e-01 1.950221e+00
7.818182e-01 2.016908e+00
7.909091e-01 2.084722e+00
8.000000e-01 2.153650e+00
8.090909e-01 2.223679e+00
8.181818e-01 2.294798e+00
8.272727e-01 2.366993e+00
8.363636e-01 2.440249e+00
8.454545e-01 2.514553e+00
8.545455e-01 2.589888e+00
8.636364e-01 2.666240e+00
8.727273e-01 2.743592e+00
8.818182e-01 2.821929e+00
8.909091e-01 2.901232e+00
9.000000e-01 2.981484e+00
9.090909e-01 3.062669e+00
9.181818e-01 3.144766e+00
9.272727e-01 3.227758e+00
9.363636e-01 3.311626e+00
9.454545e-01 3.396350e+00
9.545455e-01 3.481911e+00
9.636364e-01 3.568287e+00
9.727273e-01 3.655460e+00
9.818182e-01 3.743407e+00
9.909091e-01 3.832108e+00
1.000000e+00 3.921542e+00
1.009091e+00 4.011686e+00
1.018182e+00 4.102519e+00
1.027273e+00 4.194020e+00
1.036364e+00 4.286164e+00
1.045455e+00 4.378931e+00
1.054545e+00 4.472296e+00
1.063636e+00 4.566238e+00
1.072727e+00 4.660732e+00
1.081818e+00 4.755756e+00
1.090909e+00 4.851286e+00
1.100000e+00 4.947299e+00
1.109091e+00 5.043771e+00
1.118182e+00 5.140677e+00
1.127273e+00 5.237994e+00
1.136364e+00 5.335698e+00
1.145455e+00 5.433766e+00
1.154545e+00 5.532171e+00
1.163636e+00 5.630892e+00
1.172727e+00 5.729902e+00
1.181818e+00 5.829179e+00
1.190909e+00 5.928697e+00
1.200000e+00 6.028432e+00
1.209091e+00 6.128361e+00
1.218182e+00 6.228458e+00
1.227273e+00 6.328700e+00
1.236364e+00 6.429062e+00
1.245455e+00 6.529521e+00
1.254545e+00 6.630051e+00
1.263636e+00 6.730630e+00
1.272727e+00 6.831233e+00
1.281818e+00 6.931836e+00
1.290909e+00 7.032415e+00
1.300000e+00 7.132948e+00
1.309091e+00 7.233409e+00
1.318182e+00 7.333776e+00
1.327273e+00 7.434026e+00
1.336364e+00 7.534136e+00
1.345455e+00 7.634081e+00
1.354545e+00 7.733840e+00
1.363636e+00 7.833390e+00
1.372727e+00 7.932709e+00
1.381818e+00 8.031773e+00
1.390909e+00 8.130561e+00
1.400000e+00 8.229051e+00
1.409091e+00 8.327221e+00
1.418182e+00 8.425050e+00
1.427273e+00 8.522516e+00
1.436364e+00 8.619598e+00
1.445455e+00 8.716275e+00
1.454545e+00 8.812526e+00
1.463636e+00 8.908332e+00
1.472727e+00 9.003671e+00
1.481818e+00 9.098524e+00
1.490909e+00 9.192871e+00
1.500000e+00 9.286693e+00
1.509091e+00 9.379970e+00
1.518182e+00 9.472684e+00
1.527273e+00 9.564816e+00
1.536364e+00 9.656346e+00
1.545455e+00 9.747259e+00
1.554545e+00 9.837534e+00
1.563636e+00 9.927156e+00
1.572727e+00 1.001611e+01
1.581818e+00 1.010437e+01
1.590909e+00 1.019192e+01
1.600000e+00 1.027876e+01
1.609091e+00 1.036486e+01
1.618182e+00 1.045020e+01
1.627273e+00 1.053477e+01
1.636364e+00 1.061856e+01
1.645455e+00 1.070155e+01
1.654545e+00 1.078373e+01
1.663636e+00 1.086508e+01
1.672727e+00 1.094559e+01
1.681818e+00 1.102524e+01
1.690909e+00 1.110402e+01
1.700000e+00 1.118192e+01
1.709091e+00 1.125893e+01
1.718182e+00 1.133503e+01
1.727273e+00 1.141020e+01
1.736364e+00 1.148445e+01
1.745455e+00 1.155775e+01
1.754545e+00 1.163011e+01
1.763636e+00 1.170149e+01
1.772727e+00 1.177190e+01
1.781818e+00 1.184133e+01
1.790909e+00 1.190976e+01
1.800000e+00 1.197718e+01
1.809091e+00 1.204359e+01
1.818182e+00 1.210898e+01
1.827273e+00 1.217334e+01
1.836364e+00 1.223665e+01
1.845455e+00 1.229892e+01
1.854545e+00 1.236013e+01
1.863636e+00 1.242028e+01
1.872727e+00 1.247936e+01
1.881818e+00 1.253736e+01
1.890909e+00 1.259428e+01
1.900000e+00 1.265011e+01
1.909091e+00 1.270485e+01
1.918182e+00 1.275848e+01
1.927273e+00 1.281101e+01
1.936364e+00 1.286243e+01
1.945455e+00 1.291273e+01
1.954545e+00 1.296191e+01
1.963636e+00 1.300997e+01
1.972727e+00 1.305689e+01
1.981818e+00 1.310269e+01
1.990909e+00 1.314736e+01
2.000000e+00 1.319088e+01
2.009091e+00 1.323327e+01
2.018182e+00 1.327452e+01
2.027273e+00 1.331462e+01
2.036364e+00 1.335357e+01
2.045455e+00 1.339138e+01
2.054545e+00 1.342804e+01
2.063636e+00 1.346355e+01
2.072727e+00 1.349790e+01
2.081818e+00 1.353111e+01
2.090909e+00 1.356317e+01
2.100000e+00 1.359408e+01
2.109091e+00 1.362383e+01
2.118182e+00 1.365244e+01
2.127273e+00 1.367989e+01
2.136364e+00 1.370620e+01
2.145455e+00 1.373137e+01
2.154545e+00 1.375538e+01
2.163636e+00 1.377826e+01
2.172727e+00 1.379999e+01
2.181818e+00 1.382058e+01
2.190909e+00 1.384004e+01
2.200000e+00 1.385836e+01
2.209091e+00 1.387555e+01
2.218182e+00 1.389162e+01
2.227273e+00 1.390656e+01
2.236364e+00 1.392038e+01
2.245455e+00 1.393308e+01
2.254545e+00 1.394467e+01
2.263636e+00 1.395515e+01
2.272727e+00 1.396452e+01
2.281818e+00 1.397280e+01
2.290909e+00 1.397998e+01
2.300000e+00 1.398607e+01
2.309091e+00 1.399108e+01
2.318182e+00 1.399500e+01
2.327273e+00 1.399785e+01
2.336364e+00 1.399963e+01
2.345455e+00 1.400035e+01
2.354545e+00 1.400001e+01
2.363636e+00 1.399862e+01
2.372727e+00 1.399619e+01
2.381818e+00 1.399272e+01
2.390909e+00 1.398821e+01
2.400000e+00 1.398268e+01
2.409091e+00 1.397614e+01
2.418182e+00 1.396858e+01
2.427273e+00 1.396002e+01
2.436364e+00 1.395046e+01
2.445455e+00 1.393992e+01
2.454545e+00 1.392839e+01
2.463636e+00 1.391589e+01
2.472727e+00 1.390242e+01
2.481818e+00 1.388799e+01
2.490909e+00 1.387262e+01
2.500000e+00 1.385630e+01
2.509091e+00 1.383905e+01
2.518182e+00 1.382088e+01
2.527273e+00 1.380178e+01
2.536364e+00 1.378178e+01
2.545455e+00 1.376088e+01
2.554545e+00 1.373909e+01
2.563636e+00 1.371642e+01
2.572727e+00 1.369287e+01
2.581818e+00 1.366846e+01
2.590909e+00 1.364320e+01
2.600000e+00 1.361709e+01
2.609091e+00 1.359014e+01
2.618182e+00 1.356237e+01
2.627273e+00 1.353377e+01
2.636364e+00 1.350437e+01
2.645455e+00 1.347417e+01
2.654545e+00 1.344319e+01
2.663636e+00 1.341142e+01
2.672727e+00 1.337888e+01
2.681818e+00 1.334558e+01
2.690909e+00 1.331153e+01
2.700000e+00 1.327674e+01
2.709091e+00 1.324122e+01
2.718182e+00 1.320497e+01
2.727273e+00 1.316802e+01
2.736364e+00 1.313036e+01
2.745455e+00 1.309202e+01
2.754545e+00 1.305299e+01
2.763636e+00 1.301329e+01
2.772727e+00 1.297293e+01
2.781818e+00 1.293191e+01
2.790909e+00 1.289026e+01
2.800000e+00 1.284798e+01
2.809091e+00 1.280507e+01
2.818182e+00 1.276155e+01
2.827273e+00 1.271744e+01
2.836364e+00 1.267273e+01
2.845455e+00 1.262744e+01
2.854545e+00 1.258158e+01
2.863636e+00 1.253516e+01
2.872727e+00 1.248819e+01
2.881818e+00 1.244068e+01
2.890909e+00 1.239264e+01
2.900000e+00 1.234408e+01
2.909091e+00 1.229502e+01
2.918182e+00 1.224545e+01
2.927273e+00 1.219539e+01
2.936364e+00 1.214485e+01
2.945455e+00 1.209385e+01
2.954545e+00 1.204238e+01
2.963636e+00 1.199046e+01
2.972727e+00 1.193811e+01
2.981818e+00 1.188532e+01
2.990909e+00 1.183212e+01
3.000000e+00 1.177850e+01
3.009091e+00 1.172449e+01
3.018182e+00 1.167008e+01
3.027273e+00 1.161530e+01
3.036364e+00 1.156014e+01
3.045455e+00 1.150462e+01
3.054545e+00 1.144875e+01
3.063636e+00 1.139254e+01
3.072727e+00 1.133600e+01
3.081818e+00 1.127913e+01
3.090909e+00 1.122195e+01
3.100000e+00 1.116447e+01
3.109091e+00 1.110669e+01
3.118182e+00 1.104862e+01
3.127273e+00 1.099028e+01
3.136364e+00 1.093168e+01
3.145455e+00 1.087281e+01
3.154545e+00 1.081370e+01
3.163636e+00 1.075434e+01
3.172727e+00 1.069476e+01
3.181818e+00 1.063495e+01
3.190909e+00 1.057494e+01
3.200000e+00 1.051471e+01
3.209091e+00 1.045429e+01
3.218182e+00 1.039369e+01
3.227273e+00 1.033291e+01
3.236364e+00 1.027195e+01
3.245455e+00 1.021084e+01
3.254545e+00 1.014957e+01
3.263636e+00 1.008816e+01
3.272727e+00 1.002661e+01
3.281818e+00 9.964938e+00
3.290909e+00 9.903143e+00
3.300000e+00 9.841236e+00
3.309091e+00 9.779226e+00
3.318182e+00 9.717119e+00
3.327273e+00 9.654925e+00
3.336364e+00 9.592650e+00
3.345455e+00 9.530303e+00
3.354545e+00 9.467891e+00
3.363636e+00 9.405421e+00
3.372727e+00 9.342902e+00
3.381818e+00 9.280340e+00
3.390909e+00 9.217743e+00
3.400000e+00 9.155117e+00
3.409091e+00 9.092471e+00
3.418182e+00 9.029812e+00
3.427273e+00 8.967145e+00
3.436364e+00 8.904479e+00
3.445455e+00 8.841819e+00
3.454545e+00 8.779174e+00
3.463636e+00 8.716549e+00
3.472727e+00 8.653951e+00
3.481818e+00 8.591387e+00
3.490909e+00 8.528862e+00
3.500000e+00 8.466384e+00
3.509091e+00 8.403959e+00
3.518182e+00 8.341593e+00
3.527273e+00 8.279292e+00
3.536364e+00 8.217061e+00
3.545455e+00 8.154908e+00
3.554545e+00 8.092838e+00
3.563636e+00 8.030857e+00
3.572727e+00 7.968970e+00
3.581818e+00 7.907183e+00
3.590909e+00 7.845501e+00
3.600000e+00 7.783931e+00
3.609091e+00 7.722477e+00
3.618182e+00 7.661145e+00
3.627273e+00 7.599940e+00
3.636364e+00 7.538868e+00
3.645455e+00 7.477932e+00
3.654545e+00 7.417139e+00
3.663636e+00 7.356493e+00
3.672727e+00 7.295999e+00
3.681818e+00 7.235661e+00
3.690909e+00 7.175485e+00
3.700000e+00 7.115475e+00
3.709091e+00 7.055636e+00
3.718182e+00 6.995972e+00
3.727273e+00 6.936486e+00
3.736364e+00 6.877185e+00
3.745455e+00 6.818071e+00
3.754545e+00 6.759149e+00
3.763636e+00 6.700422e+00
3.772727e+00 6.641896e+00
3.781818e+00 6.583574e+00
3.790909e+00 6.525459e+00
3.800000e+00 6.467555e+00
3.809091e+00 6.409866e+00
3.818182e+00 6.352396e+00
3.827273e+00 6.295148e+00
3.836364e+00 6.238125e+00
3.845455e+00 6.181331e+00
3.854545e+00 6.124769e+00
3.863636e+00 6.068442e+00
3.872727e+00 6.012354e+00
3.881818e+00 5.956507e+00
3.890909e+00 5.900905e+00
3.900000e+00 5.845550e+00
3.909091e+00 5.790445e+00
3.918182e+00 5.735593e+00
3.927273e+00 5.680997e+00
3.936364e+00 5.626659e+00
3.945455e+00 5.572582e+00
3.954545e+00 5.518768e+00
3.963636e+00 5.465220e+00
3.972727e+00 5.411940e+00
3.981818e+00 5.358931e+00
3.990909e+00 5.306194e+00
4.000000e+00 5.253732e+00
4.009091e+00 5.201547e+00
4.018182e+00 5.149640e+00
4.027273e+00 5.098015e+00
4.036364e+00 5.046672e+00
4.045455e+00 4.995614e+00
4.054545e+00 4.944842e+00
4.063636e+00 4.894358e+00
4.072727e+00 4.844164e+00
4.081818e+00 4.794261e+00
4.090909e+00 4.744651e+00
4.100000e+00 4.695335e+00
4.109091e+00 4.646315e+00
4.118182e+00 4.597591e+00
4.127273e+00 4.549166e+00
4.136364e+00 4.501040e+00
4.145455e+00 4.453215e+00
4.154545e+00 4.405692e+00
4.163636e+00 4.358471e+00
4.172727e+00 4.311554e+00
4.181818e+00 4.264942e+00
4.190909e+00 4.218635e+00
4.200000e+00 4.172635e+00
4.209091e+00 4.126942e+00
4.218182e+00 4.081557e+00
4.227273e+00 4.036480e+00
4.236364e+00 3.991713e+00
4.245455e+00 3.947255e+00
4.254545e+00 3.903108e+00
4.263636e+00 3.859272e+00
4.272727e+00 3.815746e+00
4.281818e+00 3.772533e+00
4.290909e+00 3.729631e+00
4.300000e+00 3.687041e+00
4.309091e+00 3.644764e+00
4.318182e+00 3.602800e+00
4.327273e+00 3.561148e+00
4.336364e+00 3.519809e+00
4.345455e+00 3.478784e+00
4.354545e+00 3.438071e+00
4.363636e+00 3.397671e+00
4.372727e+00 3.357583e+00
4.381818e+00 3.317809e+00
4.390909e+00 3.278347e+00
4.400000e+00 3.239198e+00
4.409091e+00 3.200360e+00
4.418182e+00 3.161835e+00
4.427273e+00 3.123621e+00
4.436364e+00 3.085718e+00
4.445455e+00 3.048126e+00
4.454545e+00 3.010845e+00
4.463636e+00 2.973874e+00
4.472727e+00 2.937212e+00
4.481818e+00 2.900859e+00
4.490909e+00 2.864814e+00
4.500000e+00 2.829077e+00
4.509091e+00 2.793648e+00
4.518182e+00 2.758525e+00
4.527273e+00 2.723707e+00
4.536364e+00 2.689195e+00
4.545455e+00 2.654987e+00
4.554545e+00 2.621083e+00
4.563636e+00 2.587481e+00
4.572727e+00 2.554182e+00
4.581818e+00 2.521183e+00
4.590909e+00 2.488485e+00
4.600000e+00 2.456086e+00
4.609091e+00 2.423985e+00
4.618182e+00 2.392181e+00
4.627273e+00 2.360674e+00
4.636364e+00 2.329462e+00
4.645455e+00 2.298544e+00
4.654545e+00 2.267919e+00
4.663636e+00 2.237587e+00
4.672727e+00 2.207545e+00
4.681818e+00 2.177793e+00
4.690909e+00 2.148330e+00
4.700000e+00 2.119154e+00
4.709091e+00 2.090264e+00
4.718182e+00 2.061660e+00
4.727273e+00 2.033339e+00
4.736364e+00 2.005300e+00
4.745455e+00 1.977543e+00
4.754545e+00 1.950066e+00
4.763636e+00 1.922867e+00
4.772727e+00 1.895946e+00
4.781818e+00 1.869300e+00
4.790909e+00 1.842929e+00
4.800000e+00 1.816831e+00
4.809091e+00 1.791005e+00
4.818182e+00 1.765449e+00
4.827273e+00 1.740162e+00
4.836364e+00 1.715143e+00
4.845455e+00 1.690389e+00
4.854545e+00 1.665900e+00
4.863636e+00 1.641674e+00
4.872727e+00 1.617709e+00
4.881818e+00 1.594005e+00
4.890909e+00 1.570558e+00
4.900000e+00 1.547369e+00
4.909091e+00 1.524436e+00
4.918182e+00 1.501756e+00
4.927273e+00 1.479328e+00
4.936364e+00 1.457151e+00
4.945455e+00 1.435223e+00
4.954545e+00 1.413543e+00
4.963636e+00 1.392109e+00
4.972727e+00 1.370919e+00
4.981818e+00 1.349972e+00
4.990909e+00 1.329266e+00
5.000000e+00 1.308799e+00
5.009091e+00 1.288570e+00
5.018182e+00 1.268578e+00
5.027273e+00 1.248820e+00
5.036364e+00 1.229294e+00
5.045455e+00 1.210001e+00
5.054545e+00 1.190936e+00
5.063636e+00 1.172100e+00
5.072727e+00 1.153490e+00
5.081818e+00 1.135105e+00
5.090909e+00 1.116942e+00
5.100000e+00 1.099001e+00
5.109091e+00 1.081279e+00
5.118182e+00 1.063775e+00
5.127273e+00 1.046488e+00
5.136364e+00 1.029414e+00
5.145455e+00 1.012554e+00
5.154545e+00 9.959049e-01
5.163636e+00 9.794651e-01
5.172727e+00 9.632331e-01
5.181818e+00 9.472071e-01
5.190909e+00 9.313855e-01
5.200000e+00 9.157665e-01
5.209091e+00 9.003485e-01
5.218182e+00 8.851298e-01
5.227273e+00 8.701087e-01
5.236364e+00 8.552835e-01
5.245455e+00 8.406526e-01
5.254545e+00 8.262142e-01
5.263636e+00 8.119666e-01
5.272727e+00 7.979082e-01
5.281818e+00 7.840373e-01
5.290909e+00 7.703522e-01
5.300000e+00 7.568513e-01
5.309091e+00 7.435329e-01
5.318182e+00 7.303952e-01
5.327273e+00 7.174367e-01
5.336364e+00 7.046557e-01
5.345455e+00 6.920506e-01
5.354545e+00 6.796196e-01
5.363636e+00 6.673611e-01
5.372727e+00 6.552736e-01
5.381818e+00 6.433553e-01
5.390909e+00 6.316046e-01
5.400000e+00 6.200199e-01
5.409091e+00 6.085996e-01
5.418182e+00 5.973420e-01
5.427273e+00 5.862456e-01
5.436364e+00 5.753087e-01
5.445455e+00 5.645297e-01
5.454545e+00 5.539071e-01
5.463636e+00 5.434392e-01
5.472727e+00 5.331245e-01
5.481818e+00 5.229614e-01
5.490909e+00 5.129483e-01
5.500000e+00 5.030837e-01
5.509091e+00 4.933659e-01
5.518182e+00 4.837935e-01
5.527273e+00 4.743649e-01
5.536364e+00 4.650786e-01
5.545455e+00 4.559331e-01
5.554545e+00 4.469267e-01
5.563636e+00 4.380581e-01
5.572727e+00 4.293257e-01
5.581818e+00 4.207280e-01
5.590909e+00 4.122636e-01
5.600000e+00 4.039308e-01
5.609091e+00 3.957284e-01
5.618182e+00 3.876547e-01
5.627273e+00 3.797084e-01
5.636364e+00 3.718880e-01
5.645455e+00 3.641920e-01
5.654545e+00 3.566191e-01
5.663636e+00 3.491678e-01
5.672727e+00 3.418366e-01
5.681818e+00 3.346243e-01
5.690909e+00 3.275293e-01
5.700000e+00 3.205503e-01
5.709091e+00 3.136860e-01
5.718182e+00 3.069349e-01
5.727273e+00 3.002956e-01
5.736364e+00 2.937669e-01
5.745455e+00 2.873474e-01
5.754545e+00 2.810358e-01
5.763636e+00 2.748306e-01
5.772727e+00 2.687307e-01
5.781818e+00 2.627347e-01
5.790909e+00 2.568414e-01
5.800000e+00 2.510493e-01
5.809091e+00 2.453573e-01
5.818182e+00 2.397640e-01
5.827273e+00 2.342683e-01
5.836364e+00 2.288689e-01
5.845455e+00 2.235645e-01
5.854545e+00 2.183538e-01
5.863636e+00 2.132358e-01
5.872727e+00 2.082091e-01
5.881818e+00 2.032726e-01
5.890909e+00 1.984251e-01
5.900000e+00 1.936653e-01
5.909091e+00 1.889922e-01
5.918182e+00 1.844046e-01
5.927273e+00 1.799012e-01
5.936364e+00 1.754810e-01
5.945455e+00 1.711428e-01
5.954545e+00 1.668856e-01
5.963636e+00 1.627081e-01
5.972727e+00 1.586093e-01
5.981818e+00 1.545881e-01
5.990909e+00 1.506434e-01
6.000000e+00 1.467742e-01
6.009091e+00 1.429793e-01
6.018182e+00 1.392577e-01
6.027273e+00 1.356084e-01
6.036364e+00 1.320303e-01
6.045455e+00 1.285224e-01
6.054545e+00 1.250837e-01
6.063636e+00 1.217132e-01
6.072727e+00 1.184098e-01
6.081818e+00 1.151727e-01
6.090909e+00 1.120008e-01
6.100000e+00 1.088931e-01
6.109091e+00 1.058487e-01
6.118182e+00 1.028666e-01
6.127273e+00 9.994598e-02
6.136364e+00 9.708578e-02
6.145455e+00 9.428514e-02
6.154545e+00 9.154312e-02
6.163636e+00 8.885884e-02
6.172727e+00 8.623139e-02
6.181818e+00 8.365990e-02
6.190909e+00 8.114349e-02
6.200000e+00 7.868130e-02
6.209091e+00 7.627247e-02
6.218182e+00 7.391615e-02
6.227273e+00 7.161150e-02
6.236364e+00 6.935770e-02
6.245455e+00 6.715393e-02
6.254545e+00 6.499938e-02
6.263636e+00 6.289324e-02
6.272727e+00 6.083473e-02
6.281818e+00 5.882306e-02
6.290909e+00 5.685746e-02
6.300000e+00 5.493715e-02
6.309091e+00 5.306139e-02
6.318182e+00 5.122943e-02
6.327273e+00 4.944052e-02
6.336364e+00 4.769394e-02
6.345455e+00 4.598896e-02
6.354545e+00 4.432488e-02
6.363636e+00 4.270097e-02
6.372727e+00 4.111656e-02
6.381818e+00 3.957094e-02
6.390909e+00 3.806345e-02
6.400000e+00 3.659341e-02
6.409091e+00 3.516015e-02
6.418182e+00 3.376302e-02
6.427273e+00 3.240137e-02
6.436364e+00 3.107458e-02
6.445455e+00 2.978199e-02
6.454545e+00 2.852300e-02
6.463636e+00 2.729698e-02
6.472727e+00 2.610333e-02
6.481818e+00 2.494145e-02
6.490909e+00 2.381075e-02
6.500000e+00 2.271065e-02
6.509091e+00 2.164057e-02
6.518182e+00 2.059994e-02
6.527273e+00 1.958820e-02
6.536364e+00 1.860479e-02
6.545455e+00 1.764918e-02
6.554545e+00 1.672082e-02
6.563636e+00 1.581918e-02
6.572727e+00 1.494374e-02
6.581818e+00 1.409399e-02
6.590909e+00 1.326940e-02
6.600000e+00 1.246948e-02
6.609091e+00 1.169374e-02
6.618182e+00 1.094169e-02
6.627273e+00 1.021283e-02
6.636364e+00 9.506710e-03
6.645455e+00 8.822849e-03
6.654545e+00 8.160789e-03
6.663636e+00 7.520075e-03
6.672727e+00 6.900259e-03
6.681818e+00 6.300900e-03
6.690909e+00 5.721564e-03
6.700000e+00 5.161823e-03
6.709091e+00 4.621254e-03
6.718182e+00 4.099441e-03
6.727273e+00 3.595977e-03
6.736364e+00 3.110457e-03
6.745455e+00 2.642484e-03
6.754545e+00 2.191668e-03
6.763636e+00 1.757624e-03
6.772727e+00 1.339974e-03
6.781818e+00 9.383435e-04
6.790909e+00 5.523664e-04
6.800000e+00 1.816812e-04
6.809091e+00 -1.740675e-04
6.818182e+00 -5.152296e-04
6.827273e+00 -8.421494e-04
6.836364e+00 -1.155165e-03
6.845455e+00 -1.454611e-03
6.854545e+00 -1.740813e-03
6.863636e+00 -2.014095e-03
6.872727e+00 -2.274773e-03
6.881818e+00 -2.523159e-03
6.890909e+00 -2.759560e-03
6.900000e+00 -2.984276e-03
6.909091e+00 -3.197605e-03
6.918182e+00 -3.399836e-03
6.927273e+00 -3.591257e-03
6.936364e+00 -3.772149e-03
6.945455e+00 -3.942787e-03
6.954545e+00 -4.103444e-03
6.963636e+00 -4.254386e-03
6.972727e+00 -4.395876e-03
6.981818e+00 -4.528170e-03
6.990909e+00 -4.651521e-03
7.000000e+00 -4.766178e-03
7.009091e+00 -4.872385e-03
7.018182e+00 -4.970380e-03
7.027273e+00 -5.060399e-03
7.036364e+00 -5.142672e-03
7.045455e+00 -5.217426e-03
7.054545e+00 -5.284882e-03
7.063636e+00 -5.345258e-03
7.072727e+00 -5.398769e-03
7.081818e+00 -5.445623e-03
7.090909e+00 -5.486028e-03
7.100000e+00 -5.520183e-03
7.109091e+00 -5.548288e-03
7.118182e+00 -5.570536e-03
7.127273e+00 -5.587116e-03
7.136364e+00 -5.598217e-03
7.145455e+00 -5.604019e-03
7.154545e+00 -5.604703e-03
7.163636e+00 -5.600443e-03
7.172727e+00 -5.591411e-03
7.181818e+00 -5.577776e-03
7.190909e+00 -5.559702e-03
7.200000e+00 -5.537350e-03
7.209091e+00 -5.510879e-03
7.218182e+00 -5.480443e-03
7.227273e+00 -5.446194e-03
7.236364e+00 -5.408280e-03
7.245455e+00 -5.366845e-03
7.254545e+00 -5.322032e-03
7.263636e+00 -5.273979e-03
7.272727e+00 -5.222821e-03
7.281818e+00 -5.168692e-03
7.290909e+00 -5.111721e-03
7.300000e+00 -5.052035e-03
7.309091e+00 -4.989757e-03
7.318182e+00 -4.925009e-03
7.327273e+00 -4.857909e-03
7.336364e+00 -4.788571e-03
7.345455e+00 -4.717110e-03
7.354545e+00 -4.643635e-03
7.363636e+00 -4.568254e-03
7.372727e+00 -4.491070e-03
7.381818e+00 -4.412188e-03
7.390909e+00 -4.331706e-03
7.400000e+00 -4.249721e-03
7.409091e+00 -4.166330e-03
7.418182e+00 -4.081623e-03
7.427273e+00 -3.995692e-03
7.436364e+00 -3.908625e-03
7.445455e+00 -3.820506e-03
7.454545e+00 -3.731419e-03
7.463636e+00 -3.641446e-03
7.472727e+00 -3.550665e-03
7.481818e+00 -3.459153e-03
7.490909e+00 -3.366985e-03
7.500000e+00 -3.274233e-03
7.509091e+00 -3.180969e-03
7.518182e+00 -3.087260e-03
7.527273e+00 -2.993175e-03
7.536364e+00 -2.898776e-03
7.545455e+00 -2.804129e-03
7.554545e+00 -2.709292e-03
7.563636e+00 -2.614327e-03
7.572727e+00 -2.519290e-03
7.581818e+00 -2.424237e-03
7.590909e+00 -2.329221e-03
7.600000e+00 -2.234297e-03
7.609091e+00 -2.139513e-03
7.618182e+00 -2.044919e-03
7.627273e+00 -1.950562e-03
7.636364e+00 -1.856489e-03
7.645455e+00 -1.762743e-03
7.654545e+00 -1.669368e-03
7.663636e+00 -1.576405e-03
7.672727e+00 -1.483893e-03
7.681818e+00 -1.391871e-03
7.690909e+00 -1.300377e-03
7.700000e+00 -1.209445e-03
7.709091e+00 -1.119111e-03
7.718182e+00 -1.029407e-03
7.727273e+00 -9.403647e-04
7.736364e+00 -8.520151e-04
7.745455e+00 -7.643874e-04
7.754545e+00 -6.775096e-04
7.763636e+00 -5.914085e-04
7.772727e+00 -5.061098e-04
7.781818e+00 -4.216382e-04
7.790909e+00 -3.380170e-04
7.800000e+00 -2.552687e-04
7.809091e+00 -1.734147e-04
7.818182e+00 -9.247506e-05
7.827273e+00 -1.246921e-05
7.836364e+00 6.658464e-05
7.845455e+00 1.446692e-04
7.854545e+00 2.217680e-04
7.863636e+00 2.978658e-04
7.872727e+00 3.729480e-04
7.881818e+00 4.470010e-04
7.890909e+00 5.200120e-04
7.900000e+00 5.919691e-04
7.909091e+00 6.628612e-04
7.918182e+00 7.326780e-04
7.927273e+00 8.014100e-04
7.936364e+00 8.690484e-04
7.945455e+00 9.355853e-04
7.954545e+00 1.001013e-03
7.963636e+00 1.065326e-03
7.972727e+00 1.128518e-03
7.981818e+00 1.190583e-03
7.990909e+00 1.251517e-03
8.000000e+00 1.311316e-03
8.009091e+00 1.369978e-03
8.018182e+00 1.427498e-03
8.027273e+00 1.483875e-03
8.036364e+00 1.539109e-03
8.045455e+00 1.593196e-03
8.054545e+00 1.646138e-03
8.063636e+00 1.697935e-03
8.072727e+00 1.748586e-03
8.081818e+00 1.798093e-03
8.090909e+00 1.846459e-03
8.100000e+00 1.893683e-03
8.109091e+00 1.939771e-03
8.118182e+00 1.984723e-03
8.127273e+00 2.028544e-03
8.136364e+00 2.071237e-03
8.145455e+00 2.112807e-03
8.154545e+00 2.153258e-03
8.163636e+00 2.192595e-03
8.172727e+00 2.230824e-03
8.181818e+00 2.267949e-03
8.190909e+00 2.303978e-03
8.200000e+00 2.338916e-03
8.209091e+00 2.372770e-03
8.218182e+00 2.405547e-03
8.227273e+00 2.437253e-03
8.236364e+00 2.467898e-03
8.245455e+00 2.497488e-03
8.254545e+00 2.526031e-03
8.263636e+00 2.553535e-03
8.272727e+00 2.580010e-03
8.281818e+00 2.605464e-03
8.290909e+00 2.629905e-03
8.300000e+00 2.653343e-03
8.309091e+00 2.675788e-03
8.318182e+00 2.697248e-03
8.327273e+00 2.717734e-03
8.336364e+00 2.737255e-03
8.345455e+00 2.755822e-03
8.354545e+00 2.773444e-03
8.363636e+00 2.790133e-03
8.372727e+00 2.805897e-03
8.381818e+00 2.820749e-03
8.390909e+00 2.834699e-03
8.400000e+00 2.847757e-03
8.409091e+00 2.859935e-03
8.418182e+00 2.871244e-03
8.427273e+00 2.881694e-03
8.436364e+00 2.891298e-03
8.445455e+00 2.900066e-03
8.454545e+00 2.908009e-03
8.463636e+00 2.915140e-03
8.472727e+00 2.921470e-03
8.481818e+00 2.927010e-03
8.490909e+00 2.931772e-03
8.500000e+00 2.935768e-03
8.509091e+00 2.939009e-03
8.518182e+00 2.941507e-03
8.527273e+00 2.943274e-03
8.536364e+00 2.944321e-03
8.545455e+00 2.944661e-03
8.554545e+00 2.944305e-03
8.563636e+00 2.943265e-03
8.572727e+00 2.941552e-03
8.581818e+00 2.939180e-03
8.590909e+00 2.936158e-03
8.600000e+00 2.932500e-03
8.609091e+00 2.928217e-03
8.618182e+00 2.923320e-03
8.627273e+00 2.917822e-03
8.636364e+00 2.911734e-03
8.645455e+00 2.905068e-03
8.654545e+00 2.897835e-03
8.663636e+00 2.890047e-03
8.672727e+00 2.881715e-03
8.681818e+00 2.872852e-03
8.690909e+00 2.863468e-03
8.700000e+00 2.853574e-03
8.709091e+00 2.843183e-03
8.718182e+00 2.832306e-03
8.727273e+00 2.820953e-03
8.736364e+00 2.809136e-03
8.745455e+00 2.796866e-03
8.754545e+00 2.784153e-03
8.763636e+00 2.771010e-03
8.772727e+00 2.757446e-03
8.781818e+00 2.743473e-03
8.790909e+00 2.729101e-03
8.800000e+00 2.714341e-03
8.809091e+00 2.699204e-03
8.818182e+00 2.683699e-03
8.827273e+00 2.667838e-03
8.836364e+00 2.651630e-03
8.845455e+00 2.635086e-03
8.854545e+00 2.618216e-03
8.863636e+00 2.601030e-03
8.872727e+00 2.583538e-03
8.881818e+00 2.565749e-03
8.890909e+00 2.547674e-03
8.900000e+00 2.529322e-03
8.909091e+00 2.510703e-03
8.918182e+00 2.491826e-03
8.927273e+00 2.472700e-03
8.936364e+00 2.453334e-03
8.945455e+00 2.433739e-03
8.954545e+00 2.413922e-03
8.963636e+00 2.393893e-03
8.972727e+00 2.373660e-03
8.981818e+00 2.353233e-03
8.990909e+00 2.332619e-03
9.000000e+00 2.311828e-03
9.009091e+00 2.290867e-03
9.018182e+00 2.269745e-03
9.027273e+00 2.248471e-03
9.036364e+00 2.227052e-03
9.045455e+00 2.205496e-03
9.054545e+00 2.183810e-03
9.063636e+00 2.162004e-03
9.072727e+00 2.140084e-03
9.081818e+00 2.118058e-03
9.090909e+00 2.095933e-03
9.100000e+00 2.073716e-03
9.109091e+00 2.051415e-03
9.118182e+00 2.029037e-03
9.127273e+00 2.006589e-03
9.136364e+00 1.984077e-03
9.145455e+00 1.961509e-03
9.154545e+00 1.938890e-03
9.163636e+00 1.916228e-03
9.172727e+00 1.893528e-03
9.181818e+00 1.870798e-03
9.190909e+00 1.848043e-03
9.200000e+00 1.825269e-03
9.209091e+00 1.802483e-03
9.218182e+00 1.779690e-03
9.227273e+00 1.756896e-03
9.236364e+00 1.734106e-03
9.245455e+00 1.711327e-03
9.254545e+00 1.688563e-03
9.263636e+00 1.665819e-03
9.272727e+00 1.643102e-03
9.281818e+00 1.620416e-03
9.290909e+00 1.597767e-03
9.300000e+00 1.575158e-03
9.309091e+00 1.552595e-03
9.318182e+00 1.530083e-03
9.327273e+00 1.507626e-03
9.336364e+00 1.485228e-03
9.345455e+00 1.462895e-03
9.354545e+00 1.440630e-03
9.363636e+00 1.418437e-03
9.372727e+00 1.396321e-03
9.381818e+00 1.374286e-03
9.390909e+00 1.352335e-03
9.400000e+00 1.330473e-03
9.409091e+00 1.308702e-03
9.418182e+00 1.287027e-03
9.427273e+00 1.265452e-03
9.436364e+00 1.243979e-03
9.445455e+00 1.222612e-03
9.454545e+00 1.201354e-03
9.463636e+00 1.180208e-03
9.472727e+00 1.159178e-03
9.481818e+00 1.138266e-03
9.490909e+00 1.117476e-03
9.500000e+00 1.096810e-03
9.509091e+00 1.076270e-03
9.518182e+00 1.055860e-03
9.527273e+00 1.035582e-03
9.536364e+00 1.015438e-03
9.545455e+00 9.954316e-04
9.554545e+00 9.755640e-04
9.563636e+00 9.558377e-04
9.572727e+00 9.362550e-04
9.581818e+00 9.168180e-04
9.590909e+00 8.975285e-04
9.600000e+00 8.783885e-04
9.609091e+00 8.593999e-04
9.618182e+00 8.405645e-04
9.627273e+00 8.218838e-04
9.636364e+00 8.033596e-04
9.645455e+00 7.849934e-04
9.654545e+00 7.667867e-04
9.663636e+00 7.487409e-04
9.672727e+00 7.308573e-04
9.681818e+00 7.131372e-04
9.690909e+00 6.955819e-04
9.700000e+00 6.781924e-04
9.709091e+00 6.609699e-04
9.718182e+00 6.439154e-04
9.727273e+00 6.270297e-04
9.736364e+00 6.103140e-04
9.745455e+00 5.937688e-04
9.754545e+00 5.773951e-04
9.763636e+00 5.611936e-04
9.772727e+00 5.451648e-04
9.781818e+00 5.293095e-04
9.790909e+00 5.136281e-04
9.800000e+00 4.981212e-04
9.809091e+00 4.827892e-04
9.818182e+00 4.676324e-04
9.827273e+00 4.526513e-04
9.836364e+00 4.378460e-04
9.845455e+00 4.232169e-04
9.854545e+00 4.087640e-04
9.863636e+00 3.944877e-04
9.872727e+00 3.803878e-04
9.881818e+00 3.664646e-04
9.890909e+00 3.527179e-04
9.900000e+00 3.391477e-04
9.909091e+00 3.257540e-04
9.918182e+00 3.125366e-04
9.927273e+00 2.994953e-04
9.936364e+00 2.866299e-04
9.945455e+00 2.739402e-04
9.954545e+00 2.614258e-04
9.963636e+00 2.490865e-04
9.972727e+00 2.369218e-04
9.981818e+00 2.249314e-04
9.990909e+00 2.131148e-04
1.000000e+01 2.014715e-04
1.000909e+01 1.900010e-04
1.001818e+01 1.787028e-04
1.002727e+01 1.675763e-04
1.003636e+01 1.566209e-04
1.004545e+01 1.458359e-04
1.005455e+01 1.352207e-04
1.006364e+01 1.247745e-04
1.007273e+01 1.144967e-04
1.008182e+01 1.043865e-04
1.009091e+01 9.444304e-05
1.010000e+01 8.466559e-05
1.010909e+01 7.505327e-05
1.011818e+01 6.560525e-05
1.012727e+01 5.632062e-05
1.013636e+01 4.719849e-05
1.014545e+01 3.823791e-05
1.015455e+01 2.943794e-05
1.016364e+01 2.079760e-05
1.017273e+01 1.231589e-05
1.018182e+01 3.991794e-06
1.019091e+01 -4.175720e-06
1.020000e+01 -1.218771e-05
1.020909e+01 -2.004524e-05
1.021818e+01 -2.774941e-05
1.022727e+01 -3.530133e-05
1.023636e+01 -4.270211e-05
1.024545e+01 -4.995290e-05
1.025455e+01 -5.705485e-05
1.026364e+01 -6.400912e-05
1.027273e+01 -7.081690e-05
1.028182e+01 -7.747939e-05
1.029091e+01 -8.399779e-05
1.030000e+01 -9.037333e-05
1.030909e+01 -9.660723e-05
1.031818e+01 -1.027007e-04
1.032727e+01 -1.086551e-04
1.033636e+01 -1.144716e-04
1.034545e+01 -1.201515e-04
1.035455e+01 -1.256960e-04
1.036364e+01 -1.311065e-04
1.037273e+01 -1.363843e-04
1.038182e+01 -1.415307e-04
1.039091e+01 -1.465469e-04
1.040000e+01 -1.514343e-04
1.040909e+01 -1.561942e-04
1.041818e+01 -1.608280e-04
1.042727e+01 -1.653370e-04
1.043636e+01 -1.697225e-04
1.044545e+01 -1.739859e-04
1.045455e+01 -1.781285e-04
1.046364e+01 -1.821516e-04
1.047273e+01 -1.860567e-04
1.048182e+01 -1.898450e-04
1.049091e+01 -1.935180e-04
1.050000e+01 -1.970769e-04
1.050909e+01 -2.005233e-04
1.051818e+01 -2.038583e-04
1.052727e+01 -2.070834e-04
1.053636e+01 -2.101999e-04
1.054545e+01 -2.132093e-04
1.055455e+01 -2.161128e-04
1.056364e+01 -2.189119e-04
1.057273e+01 -2.216078e-04
1.058182e+01 -2.242020e-04
1.059091e+01 -2.266958e-04
1.060000e+01 -2.290905e-04
1.060909e+01 -2.313876e-04
1.061818e+01 -2.335883e-04
1.062727e+01 -2.356940e-04
1.063636e+01 -2.377061e-04
1.064545e+01 -2.396259e-04
1.065455e+01 -2.414547e-04
1.066364e+01 -2.431939e-04
1.067273e+01 -2.448448e-04
1.068182e+01 -2.464087e-04
1.069091e+01 -2.478869e-04
1.070000e+01 -2.492808e-04
1.070909e+01 -2.505916e-04
1.071818e+01 -2.518207e-04
1.072727e+01 -2.529693e-04
1.073636e+01 -2.540389e-04
1.074545e+01 -2.550305e-04
1.075455e+01 -2.559456e-04
1.076364e+01 -2.567853e-04
1.077273e+01 -2.575510e-04
1.078182e+01 -2.582439e-04
1.079091e+01 -2.588653e-04
1.080000e+01 -2.594164e-04
1.080909e+01 -2.598984e-04
1.081818e+01 -2.603126e-04
1.082727e+01 -2.606602e-04
1.083636e+01 -2.609425e-04
1.084545e+01 -2.611605e-04
1.085455e+01 -2.613156e-04
1.086364e+01 -2.614088e-04
1.087273e+01 -2.614415e-04
1.088182e+01 -2.614147e-04
1.089091e+01 -2.613296e-04
1.090000e+01 -2.611875e-04
1.090909e+01 -2.609893e-04
1.091818e+01 -2.607363e-04
1.092727e+01 -2.604296e-04
1.093636e+01 -2.600703e-04
1.094545e+01 -2.596595e-04
1.095455e+01 -2.591983e-04
1.096364e+01 -2.586878e-04
1.097273e+01 -2.581292e-04
1.098182e+01 -2.575233e-04
1.099091e+01 -2.568714e-04
1.100000e+01 -2.561745e-04
1.100909e+01 -2.554336e-04
1.101818e+01 -2.546497e-04
1.102727e+01 -2.538239e-04
1.103636e+01 -2.529572e-04
1.104545e+01 -2.520505e-04
1.105455e+01 -2.511049e-04
1.106364e+01 -2.501214e-04
1.107273e+01 -2.491009e-04
1.108182e+01 -2.480444e-04
1.109091e+01 -2.469528e-04
1.110000e+01 -2.458270e-04
1.110909e+01 -2.446681e-04
1.111818e+01 -2.434769e-04
1.112727e+01 -2.422543e-04
1.113636e+01 -2.410013e-04
1.114545e+01 -2.397186e-04
1.115455e+01 -2.384073e-04
1.116364e+01 -2.370681e-04
1.117273e+01 -2.357019e-04
1.118182e+01 -2.343096e-04
1.119091e+01 -2.328920e-04
1.120000e+01 -2.314499e-04
1.120909e+01 -2.299841e-04
1.121818e+01 -2.284955e-04
1.122727e+01 -2.269848e-04
1.123636e+01 -2.254529e-04
1.124545e+01 -2.239004e-04
1.125455e+01 -2.223282e-04
1.126364e+01 -2.207369e-04
1.127273e+01 -2.191275e-04
1.128182e+01 -2.175005e-04
1.129091e+01 -2.158567e-04
1.130000e+01 -2.141968e-04
1.130909e+01 -2.125215e-04
1.131818e+01 -2.108315e-04
1.132727e+01 -2.091275e-04
1.133636e+01 -2.074101e-04
1.134545e+01 -2.056801e-04
1.135455e+01 -2.039380e-04
1.136364e+01 -2.021845e-04
1.137273e+01 -2.004203e-04
1.138182e+01 -1.986459e-04
1.139091e+01 -1.968619e-04
1.140000e+01 -1.950690e-04
1.140909e+01 -1.932678e-04
1.141818e+01 -1.914588e-04
1.142727e+01 -1.896426e-04
1.143636e+01 -1.878197e-04
1.144545e+01 -1.859908e-04
1.145455e+01 -1.841563e-04
1.146364e+01 -1.823168e-04
1.147273e+01 -1.804728e-04
1.148182e+01 -1.786249e-04
1.149091e+01 -1.767735e-04
1.150000e+01 -1.749191e-04
1.150909e+01 -1.730622e-04
1.151818e+01 -1.712033e-04
1.152727e+01 -1.693429e-04
1.153636e+01 -1.674813e-04
1.154545e+01 -1.656192e-04
1.155455e+01 -1.637569e-04
1.156364e+01 -1.618948e-04
1.157273e+01 -1.600333e-04
1.158182e+01 -1.581730e-04
1.159091e+01 -1.563141e-04
1.160000e+01 -1.544572e-04
1.160909e+01 -1.526025e-04
1.161818e+01 -1.507504e-04
1.162727e+01 -1.489014e-04
1.163636e+01 -1.470558e-04
1.164545e+01 -1.452140e-04
1.165455e+01 -1.433763e-04
1.166364e+01 -1.415430e-04
1.167273e+01 -1.397145e-04
1.168182e+01 -1.378911e-04
1.169091e+01 -1.360731e-04
1.170000e+01 -1.342609e-04
1.170909e+01 -1.324547e-04
1.171818e+01 -1.306548e-04
1.172727e+01 -1.288615e-04
1.173636e+01 -1.270752e-04
1.174545e+01 -1.252960e-04
1.175455e+01 -1.235243e-04
1.176364e+01 -1.217602e-04
1.177273e+01 -1.200042e-04
1.178182e+01 -1.182563e-04
1.179091e+01 -1.165168e-04
1.180000e+01 -1.147861e-04
1.180909e+01 -1.130642e-04
1.181818e+01 -1.113514e-04
1.182727e+01 -1.096480e-04
1.183636e+01 -1.079540e-04
1.184545e+01 -1.062699e-04
1.185455e+01 -1.045956e-04
1.186364e+01 -1.029314e-04
1.187273e+01 -1.012775e-04
1.188182e+01 -9.963412e-05
1.189091e+01 -9.800134e-05
1.190000e+01 -9.637934e-05
1.190909e+01 -9.476829e-05
1.191818e+01 -9.316835e-05
1.192727e+01 -9.157965e-05
1.193636e+01 -9.000233e-05
1.194545e+01 -8.843654e-05
1.195455e+01 -8.688239e-05
1.196364e+01 -8.534001e-05
1.197273e+01 -8.380953e-05
1.198182e+01 -8.229104e-05
1.199091e+01 -8.078467e-05
1.200000e+01 -7.929052e-05
1.200909e+01 -7.780867e-05
1.201818e+01 -7.633923e-05
1.202727e+01 -7.488228e-05
1.203636e+01 -7.343792e-05
1.204545e+01 -7.200620e-05
1.205455e+01 -7.058722e-05
1.206364e+01 -6.918104e-05
1.207273e+01 -6.778773e-05
1.208182e+01 -6.640734e-05
1.209091e+01 -6.503994e-05
1.210000e+01 -6.368557e-05
1.210909e+01 -6.234429e-05
1.211818e+01 -6.101614e-05
1.212727e+01 -5.970116e-05
1.213636e+01 -5.839939e-05
1.214545e+01 -5.711086e-05
1.215455e+01 -5.583559e-05
1.216364e+01 -5.457363e-05
1.217273e+01 -5.332497e-05
1.218182e+01 -5.208965e-05
1.219091e+01 -5.086768e-05
1.220000e+01 -4.965907e-05
1.220909e+01 -4.846383e-05
1.221818e+01 -4.728196e-05
1.222727e+01 -4.611346e-05
1.223636e+01 -4.495833e-05
1.224545e+01 -4.381657e-05
1.225455e+01 -4.268817e-05
1.226364e+01 -4.157311e-05
1.227273e+01 -4.047139e-05
1.228182e+01 -3.938298e-05
1.229091e+01 -3.830787e-05
1.230000e+01 -3.724604e-05
1.230909e+01 -3.619745e-05
1.231818e+01 -3.516209e-05
1.232727e+01 -3.413991e-05
1.233636e+01 -3.313090e-05
1.234545e+01 -3.213501e-05
1.235455e+01 -3.115221e-05
1.236364e+01 -3.018246e-05
1.237273e+01 -2.922571e-05
1.238182e+01 -2.828192e-05
1.239091e+01 -2.735104e-05
1.240000e+01 -2.643303e-05
1.240909e+01 -2.552784e-05
1.241818e+01 -2.463541e-05
1.242727e+01 -2.375568e-05
1.243636e+01 -2.288861e-05
1.244545e+01 -2.203414e-05
1.245455e+01 -2.119220e-05
1.246364e+01 -2.036273e-05
1.247273e+01 -1.954567e-05
1.248182e+01 -1.874095e-05
1.249091e+01 -1.794852e-05
1.250000e+01 -1.716829e-05
1.250909e+01 -1.640020e-05
1.251818e+01 -1.564419e-05
1.252727e+01 -1.490017e-05
1.253636e+01 -1.416807e-05
1.254545e+01 -1.344782e-05
1.255455e+01 -1.273935e-05
1.256364e+01 -1.204257e-05
1.257273e+01 -1.135741e-05
1.258182e+01 -1.068378e-05
1.259091e+01 -1.002161e-05
1.260000e+01 -9.370812e-06
1.260909e+01 -8.731307e-06
1.261818e+01 -8.103009e-06
1.262727e+01 -7.485834e-06
1.263636e+01 -6.879696e-06
1.264545e+01 -6.284509e-06
1.265455e+01 -5.700185e-06
1.266364e+01 -5.126636e-06
1.267273e+01 -4.563774e-06
1.268182e+01 -4.011509e-06
1.269091e+01 -3.469752e-06
1.270000e+01 -2.938410e-06
1.270909e+01 -2.417394e-06
1.271818e+01 -1.906611e-06
1.272727e+01 -1.405969e-06
1.273636e+01 -9.153746e-07
1.274545e+01 -4.347349e-07
1.275455e+01 3.604410e-08
1.276364e+01 4.970564e-07
1.277273e+01 9.483967e-07
1.278182e+01 1.390160e-06
1.279091e+01 1.822441e-06
1.280000e+01 2.245335e-06
1.280909e+01 2.658938e-06
1.281818e+01 3.063346e-06
1.282727e+01 3.458655e-06
1.283636e+01 3.844962e-06
1.284545e+01 4.222362e-06
1.285455e+01 4.590953e-06
1.286364e+01 4.950830e-06
1.287273e+01 5.302091e-06
1.288182e+01 5.644832e-06
1.289091e+01 5.979150e-06
1.290000e+01 6.305141e-06
1.290909e+01 6.622903e-06
1.291818e+01 6.932531e-06
1.292727e+01 7.234123e-06
1.293636e+01 7.527775e-06
1.294545e+01 7.813583e-06
1.295455e+01 8.091644e-06
1.296364e+01 8.362052e-06
1.297273e+01 8.624905e-06
1.298182e+01 8.880298e-06
1.299091e+01 9.128327e-06
1.300000e+01 9.369085e-06
1.300909e+01 9.602670e-06
1.301818e+01 9.829174e-06
1.302727e+01 1.004869e-05
1.303636e+01 1.026132e-05
1.304545e+01 1.046715e-05
1.305455e+01 1.066628e-05
1.306364e+01 1.085879e-05
1.307273e+01 1.104479e-05
1.308182e+01 1.122436e-05
1.309091e+01 1.139759e-05
1.310000e+01 1.156458e-05
1.310909e+01 1.172542e-05
1.311818e+01 1.188020e-05
1.312727e+01 1.202901e-05
1.313636e+01 1.217194e-05
1.314545e+01 1.230908e-05
1.315455e+01 1.244051e-05
1.316364e+01 1.256633e-05
1.317273e+01 1.268662e-05
1.318182e+01 1.280147e-05
1.319091e+01 1.291097e-05
1.320000e+01 1.301520e-05
1.320909e+01 1.311426e-05
1.321818e+01 1.320821e-05
1.322727e+01 1.329716e-05
1.323636e+01 1.338117e-05
1.324545e+01 1.346034e-05
1.325455e+01 1.353476e-05
1.326364e+01 1.360449e-05
1.327273e+01 1.366962e-05
1.328182e+01 1.373024e-05
1.329091e+01 1.378642e-05
1.330000e+01 1.383825e-05
1.330909e+01 1.388580e-05
1.331818e+01 1.392914e-05
1.332727e+01 1.396837e-05
1.333636e+01 1.400356e-05
1.334545e+01 1.403477e-05
1.335455e+01 1.406210e-05
1.336364e+01 1.408561e-05
1.337273e+01 1.410538e-05
1.338182e+01 1.412148e-05
1.339091e+01 1.413398e-05
1.340000e+01 1.414297e-05
1.340909e+01 1.414850e-05
1.341818e+01 1.415065e-05
1.342727e+01 1.414950e-05
1.343636e+01 1.414511e-05
1.344545e+01 1.413754e-05
1.345455e+01 1.412688e-05
1.346364e+01 1.411318e-05
1.347273e+01 1.409652e-05
1.348182e+01 1.407695e-05
1.349091e+01 1.405455e-05
1.350000e+01 1.402939e-05
1.350909e+01 1.400151e-05
1.351818e+01 1.397100e-05
1.352727e+01 1.393790e-05
1.353636e+01 1.390229e-05
1.354545e+01 1.386422e-05
1.355455e+01 1.382376e-05
1.356364e+01 1.378096e-05
1.357273e+01 1.373589e-05
1.358182e+01 1.368860e-05
1.359091e+01 1.363915e-05
1.360000e+01 1.358760e-05
1.360909e+01 1.353400e-05
1.361818e+01 1.347841e-05
1.362727e+01 1.342089e-05
1.363636e+01 1.336149e-05
1.364545e+01 1.330026e-05
1.365455e+01 1.323726e-05
1.366364e+01 1.317254e-05
1.367273e+01 1.310614e-05
1.368182e+01 1.303813e-05
1.369091e+01 1.296855e-05
1.370000e+01 1.289745e-05
1.370909e+01 1.282488e-05
1.371818e+01 1.275089e-05
1.372727e+01 1.267553e-05
1.373636e+01 1.259884e-05
1.374545e+01 1.252086e-05
1.375455e+01 1.244165e-05
1.376364e+01 1.236125e-05
1.377273e+01 1.227971e-05
1.378182e+01 1.219706e-05
1.379091e+01 1.211335e-05
1.380000e+01 1.202862e-05
1.380909e+01 1.194292e-05
1.381818e+01 1.185628e-05
1.382727e+01 1.176874e-05
1.383636e+01 1.168035e-05
1.384545e+01 1.159114e-05
1.385455e+01 1.150116e-05
1.386364e+01 1.141043e-05
1.387273e+01 1.131900e-05
1.388182e+01 1.122691e-05
1.389091e+01 1.113418e-05
1.390000e+01 1.104086e-05
1.390909e+01 1.094697e-05
1.391818e+01 1.085256e-05
1.392727e+01 1.075766e-05
1.393636e+01 1.066230e-05
1.394545e+01 1.056651e-05
1.395455e+01 1.047032e-05
1.396364e+01 1.037377e-05
1.397273e+01 1.027689e-05
1.398182e+01 1.017969e-05
1.399091e+01 1.008223e-05
1.400000e+01 9.984519e-06
1.400909e+01 9.886591e-06
1.401818e+01 9.788473e-06
1.402727e+01 9.690193e-06
1.403636e+01 9.591777e-06
1.404545e+01 9.493251e-06
1.405455e+01 9.394642e-06
1.406364e+01 9.295974e-06
1.407273e+01 9.197271e-06
1.408182e+01 9.098559e-06
1.409091e+01 8.999861e-06
1.410000e+01 8.901199e-06
1.410909e+01 8.802597e-06
1.411818e+01 8.704076e-06
1.412727e+01 8.605659e-06
1.413636e+01 8.507365e-06
1.414545e+01 8.409217e-06
1.415455e+01 8.311233e-06
1.416364e+01 8.213435e-06
1.417273e+01 8.115840e-06
1.418182e+01 8.018468e-06
1.419091e+01 7.921337e-06
1.420000e+01 7.824465e-06
1.420909e+01 7.727870e-06
1.421818e+01 7.631568e-06
1.422727e+01 7.535577e-06
1.423636e+01 7.439911e-06
1.424545e+01 7.344588e-06
1.425455e+01 7.249622e-06
1.426364e+01 7.155028e-06
1.427273e+01 7.060821e-06
1.428182e+01 6.967014e-06
1.429091e+01 6.873622e-06
1.430000e+01 6.780658e-06
1.430909e+01 6.688134e-06
1.431818e+01 6.596064e-06
1.432727e+01 6.504459e-06
1.433636e+01 6.413331e-06
1.434545e+01 6.322692e-06
1.435455e+01 6.232552e-06
1.436364e+01 6.142923e-06
1.437273e+01 6.053814e-06
1.438182e+01 5.965236e-06
1.439091e+01 5.877199e-06
1.440000e+01 5.789711e-06
1.440909e+01 5.702783e-06
1.441818e+01 5.616421e-06
1.442727e+01 5.530635e-06
1.443636e+01 5.445433e-06
1.444545e+01 5.360823e-06
1.445455e+01 5.276811e-06
1.446364e+01 5.193406e-06
1.447273e+01 5.110613e-06
1.448182e+01 5.028440e-06
1.449091e+01 4.946893e-06
1.450000e+01 4.865976e-06
1.450909e+01 4.785698e-06
1.451818e+01 4.706061e-06
1.452727e+01 4.627073e-06
1.453636e+01 4.548737e-06
1.454545e+01 4.471058e-06
1.455455e+01 4.394041e-06
1.456364e+01 4.317690e-06
1.457273e+01 4.242008e-06
1.458182e+01 4.166998e-06
1.459091e+01 4.092666e-06
1.460000e+01 4.019013e-06
1.460909e+01 3.946042e-06
1.461818e+01 3.873757e-06
1.462727e+01 3.802158e-06
1.463636e+01 3.731250e-06
1.464545e+01 3.661034e-06
1.465455e+01 3.591510e-06
1.466364e+01 3.522683e-06
1.467273e+01 3.454551e-06
1.468182e+01 3.387118e-06
1.469091e+01 3.320383e-06
1.470000e+01 3.254347e-06
1.470909e+01 3.189012e-06
1.471818e+01 3.124377e-06
1.472727e+01 3.060443e-06
1.473636e+01 2.997210e-06
1.474545e+01 2.934678e-06
1.475455e+01 2.872847e-06
1.476364e+01 2.811715e-06
1.477273e+01 2.751283e-06
1.478182e+01 2.691550e-06
1.479091e+01 2.632515e-06
1.480000e+01 2.574177e-06
1.480909e+01 2.516535e-06
1.481818e+01 2.459587e-06
1.482727e+01 2.403332e-06
1.483636e+01 2.347768e-06
1.484545e+01 2.292894e-06
1.485455e+01 2.238708e-06
1.486364e+01 2.185207e-06
1.487273e+01 2.132390e-06
1.488182e+01 2.080254e-06
1.489091e+01 2.028797e-06
1.490000e+01 1.978017e-06
1.490909e+01 1.927911e-06
1.491818e+01 1.878476e-06
1.492727e+01 1.829709e-06
1.493636e+01 1.781609e-06
1.494545e+01 1.734170e-06
1.495455e+01 1.687392e-06
1.496364e+01 1.641269e-06
1.497273e+01 1.595800e-06
1.498182e+01 1.550980e-06
1.499091e+01 1.506807e-06
1.500000e+01 1.463276e-06
1.500909e+01 1.420385e-06
1.501818e+01 1.378128e-06
1.502727e+01 1.336504e-06
1.503636e+01 1.295507e-06
1.504545e+01 1.255135e-06
1.505455e+01 1.215382e-06
1.506364e+01 1.176245e-06
1.507273e+01 1.137720e-06
1.508182e+01 1.099803e-06
1.509091e+01 1.062489e-06
1.510000e+01 1.025775e-06
1.510909e+01 9.896552e-07
1.511818e+01 9.541260e-07
1.512727e+01 9.191829e-07
1.513636e+01 8.848214e-07
1.514545e+01 8.510370e-07
1.515455e+01 8.178252e-07
1.516364e+01 7.851813e-07
1.517273e+01 7.531007e-07
1.518182e+01 7.215787e-07
1.519091e+01 6.906106e-07
1.520000e+01 6.601918e-07
1.520909e+01 6.303173e-07
1.521818e+01 6.009825e-07
1.522727e+01 5.721824e-07
1.523636e+01 5.439123e-07
1.524545e+01 5.161672e-07
1.525455e+01 4.889423e-07
1.526364e+01 4.622326e-07
1.527273e+01 4.360332e-07
1.528182e+01 4.103392e-07
1.529091e+01 3.851455e-07
1.530000e+01 3.604472e-07
1.530909e+01 3.362393e-07
1.531818e+01 3.125168e-07
1.532727e+01 2.892746e-07
1.533636e+01 2.665078e-07
1.534545e+01 2.442113e-07
1.535455e+01 2.223801e-07
1.536364e+01 2.010090e-07
1.537273e+01 1.800932e-07
1.538182e+01 1.596275e-07
1.539091e+01 1.396069e-07
1.540000e+01 1.200263e-07
1.540909e+01 1.008808e-07
1.541818e+01 8.216516e-08
1.542727e+01 6.387449e-08
1.543636e+01 4.600372e-08
1.544545e+01 2.854783e-08
1.545455e+01 1.150181e-08
1.546364e+01 -5.139344e-09
1.547273e+01 -2.138063e-08
1.548182e+01 -3.722702e-08
1.549091e+01 -5.268350e-08
1.550000e+01 -6.775501e-08
1.550909e+01 -8.244650e-08
1.551818e+01 -9.676291e-08
1.552727e+01 -1.107091e-07
1.553636e+01 -1.242901e-07
1.554545e+01 -1.375106e-07
1.555455e+01 -1.503756e-07
1.556364e+01 -1.628899e-07
1.557273e+01 -1.750583e-07
1.558182e+01 -1.868856e-07
1.559091e+01 -1.983766e-07
1.560000e+01 -2.095361e-07
1.560909e+01 -2.203687e-07
1.561818e+01 -2.308793e-07
1.562727e+01 -2.410724e-07
1.563636e+01 -2.509527e-07
1.564545e+01 -2.605250e-07
1.565455e+01 -2.697937e-07
1.566364e+01 -2.787635e-07
1.567273e+01 -2.874389e-07
1.568182e+01 -2.958244e-07
1.569091e+01 -3.039246e-07
1.570000e+01 -3.117439e-07
1.570909e+01 -3.192868e-07
1.571818e+01 -3.265577e-07
1.572727e+01 -3.335609e-07
1.573636e+01 -3.403008e-07
1.574545e+01 -3.467817e-07
1.575455e+01 -3.530080e-07
1.576364e+01 -3.589838e-07
1.577273e+01 -3.647135e-07
1.578182e+01 -3.702011e-07
1.579091e+01 -3.754509e-07
1.580000e+01 -3.804670e-07
1.580909e+01 -3.852534e-07
1.581818e+01 -3.898143e-07
1.582727e+01 -3.941536e-07
1.583636e+01 -3.982754e-07
1.584545e+01 -4.021837e-07
1.585455e+01 -4.058822e-07
1.586364e+01 -4.093750e-07
1.587273e+01 -4.126659e-07
1.588182e+01 -4.157586e-07
1.589091e+01 -4.186571e-07
1.590000e+01 -4.213649e-07
1.590909e+01 -4.238859e-07
1.591818e+01 -4.262237e-07
1.592727e+01 -4.283820e-07
1.593636e+01 -4.303643e-07
1.594545e+01 -4.321743e-07
1.595455e+01 -4.338154e-07
1.596364e+01 -4.352912e-07
1.597273e+01 -4.366050e-07
1.598182e+01 -4.377604e-07
1.599091e+01 -4.387607e-07
1.600000e+01 -4.396093e-07
1.600909e+01 -4.403094e-07
1.601818e+01 -4.408644e-07
1.602727e+01 -4.412775e-07
1.603636e+01 -4.415518e-07
1.604545e+01 -4.416906e-07
1.605455e+01 -4.416970e-07
1.606364e+01 -4.415741e-07
1.607273e+01 -4.413249e-07
1.608182e+01 -4.409524e-07
1.609091e+01 -4.404596e-07
1.610000e+01 -4.398495e-07
1.610909e+01 -4.391250e-07
1.611818e+01 -4.382890e-07
1.612727e+01 -4.373442e-07
1.613636e+01 -4.362935e-07
1.614545e+01 -4.351397e-07
1.615455e+01 -4.338854e-07
1.616364e+01 -4.325334e-07
1.617273e+01 -4.310864e-07
1.618182e+01 -4.295468e-07
1.619091e+01 -4.279175e-07
1.620000e+01 -4.262007e-07
1.620909e+01 -4.243992e-07
1.621818e+01 -4.225154e-07
1.622727e+01 -4.205517e-07
1.623636e+01 -4.185105e-07
1.624545e+01 -4.163942e-07
1.625455e+01 -4.142052e-07
1.626364e+01 -4.119457e-07
1.627273e+01 -4.096180e-07
1.628182e+01 -4.072244e-07
1.629091e+01 -4.047671e-07
1.630000e+01 -4.022481e-07
1.630909e+01 -3.996698e-07
1.631818e+01 -3.970342e-07
1.632727e+01 -3.943433e-07
1.633636e+01 -3.915992e-07
1.634545e+01 -3.888039e-07
1.635455e+01 -3.859593e-07
1.636364e+01 -3.830675e-07
1.637273e+01 -3.801303e-07
1.638182e+01 -3.771496e-07
1.639091e+01 -3.741272e-07
1.640000e+01 -3.710651e-07
1.640909e+01 -3.679648e-07
1.641818e+01 -3.648283e-07
1.642727e+01 -3.616572e-07
1.643636e+01 -3.584532e-07
1.644545e+01 -3.552180e-07
1.645455e+01 -3.519532e-07
1.646364e+01 -3.486605e-07
1.647273e+01 -3.453413e-07
1.648182e+01 -3.419973e-07
1.649091e+01 -3.386299e-07
1.650000e+01 -3.352407e-07
1.650909e+01 -3.318311e-07
1.651818e+01 -3.284026e-07
1.652727e+01 -3.249565e-07
1.653636e+01 -3.214942e-07
1.654545e+01 -3.180171e-07
1.655455e+01 -3.145265e-07
1.656364e+01 -3.110236e-07
1.657273e+01 -3.075099e-07
1.658182e+01 -3.039864e-07
1.659091e+01 -3.004545e-07
1.660000e+01 -2.969153e-07
1.660909e+01 -2.933700e-07
1.661818e+01 -2.898197e-07
1.662727e+01 -2.862655e-07
1.663636e+01 -2.827086e-07
1.664545e+01 -2.791500e-07
1.665455e+01 -2.755907e-07
1.666364e+01 -2.720318e-07
1.667273e+01 -2.684743e-07
1.668182e+01 -2.649191e-07
1.669091e+01 -2.613672e-07
1.670000e+01 -2.578195e-07
1.670909e+01 -2.542770e-07
1.671818e+01 -2.507404e-07
1.672727e+01 -2.472107e-07
1.673636e+01 -2.436887e-07
1.674545e+01 -2.401753e-07
1.675455e+01 -2.366712e-07
1.676364e+01 -2.331771e-07
1.677273e+01 -2.296940e-07
1.678182e+01 -2.262224e-07
1.679091e+01 -2.227631e-07
1.680000e+01 -2.193168e-07
1.680909e+01 -2.158843e-07
1.681818e+01 -2.124660e-07
1.682727e+01 -2.090628e-07
1.683636e+01 -2.056751e-07
1.684545e+01 -2.023036e-07
1.685455e+01 -1.989490e-07
1.686364e+01 -1.956116e-07
1.687273e+01 -1.922922e-07
1.688182e+01 -1.889912e-07
1.689091e+01 -1.857091e-07
1.690000e+01 -1.824465e-07
1.690909e+01 -1.792038e-07
1.691818e+01 -1.759814e-07
1.692727e+01 -1.727799e-07
1.693636e+01 -1.695996e-07
1.694545e+01 -1.664411e-07
1.695455e+01 -1.633046e-07
1.696364e+01 -1.601905e-07
1.697273e+01 -1.570993e-07
1.698182e+01 -1.540312e-07
1.699091e+01 -1.509867e-07
1.700000e+01 -1.479660e-07
1.700909e+01 -1.449695e-07
1.701818e+01 -1.419975e-07
1.702727e+01 -1.390502e-07
1.703636e+01 -1.361279e-07
1.704545e+01 -1.332309e-07
1.705455e+01 -1.303594e-07
1.706364e+01 -1.275137e-07
1.707273e+01 -1.246939e-07
1.708182e+01 -1.219004e-07
1.709091e+01 -1.191332e-07
1.710000e+01 -1.163926e-07
1.710909e+01 -1.136787e-07
1.711818e+01 -1.109917e-07
1.712727e+01 -1.083318e-07
1.713636e+01 -1.056991e-07
1.714545e+01 -1.030937e-07
1.715455e+01 -1.005158e-07
1.716364e+01 -9.796543e-08
1.717273e+01 -9.544270e-08
1.718182e+01 -9.294772e-08
1.719091e+01 -9.048056e-08
1.720000e+01 -8.804129e-08
1.720909e+01 -8.562998e-08
1.721818e+01 -8.324667e-08
1.722727e+01 -8.089141e-08
1.723636e+01 -7.856423e-08
1.724545e+01 -7.626516e-08
1.725455e+01 -7.399421e-08
1.726364e+01 -7.175140e-08
1.727273e+01 -6.953673e-08
1.728182e+01 -6.735018e-08
1.729091e+01 -6.519175e-08
1.730000e+01 -6.306141e-08
1.730909e+01 -6.095914e-08
1.731818e+01 -5.888490e-08
1.732727e+01 -5.683864e-08
1.733636e+01 -5.482032e-08
1.734545e+01 -5.282988e-08
1.735455e+01 -5.086725e-08
1.736364e+01 -4.893238e-08
1.737273e+01 -4.702518e-08
1.738182e+01 -4.514558e-08
1.739091e+01 -4.329348e-08
1.740000e+01 -4.146879e-08
1.740909e+01 -3.967142e-08
1.741818e+01 -3.790127e-08
1.742727e+01 -3.615822e-08
1.743636e+01 -3.444217e-08
1.744545e+01 -3.275299e-08
1.745455e+01 -3.109056e-08
1.746364e+01 -2.945476e-08
1.747273e+01 -2.784545e-08
1.748182e+01 -2.626249e-08
1.749091e+01 -2.470575e-08
1.750000e+01 -2.317509e-08
1.750909e+01 -2.167034e-08
1.751818e+01 -2.019137e-08
1.752727e+01 -1.873801e-08
1.753636e+01 -1.731011e-08
1.754545e+01 -1.590750e-08
1.755455e+01 -1.453002e-08
1.756364e+01 -1.317749e-08
1.757273e+01 -1.184975e-08
1.758182e+01 -1.054662e-08
1.759091e+01 -9.267921e-09
1.760000e+01 -8.013472e-09
1.760909e+01 -6.783089e-09
1.761818e+01 -5.576587e-09
1.762727e+01 -4.393777e-09
1.763636e+01 -3.234468e-09
1.764545e+01 -2.098468e-09
1.765455e+01 -9.855811e-10
1.766364e+01 1.043897e-10
1.767273e+01 1.171643e-09
1.768182e+01 2.216381e-09
1.769091e+01 3.238804e-09
1.770000e+01 4.239117e-09
1.770909e+01 5.217527e-09
1.771818e+01 6.174239e-09
1.772727e+01 7.109462e-09
1.773636e+01 8.023407e-09
1.774545e+01 8.916283e-09
1.775455e+01 9.788303e-09
1.776364e+01 1.063968e-08
1.777273e+01 1.147063e-08
1.778182e+01 1.228136e-08
1.779091e+01 1.307209e-08
1.780000e+01 1.384304e-08
1.780909e+01 1.459443e-08
1.781818e+01 1.532646e-08
1.782727e+01 1.603936e-08
1.783636e+01 1.673336e-08
1.784545e+01 1.740865e-08
1.785455e+01 1.806547e-08
1.786364e+01 1.870404e-08
1.787273e+01 1.932457e-08
1.788182e+01 1.992728e-08
1.789091e+01 2.051239e-08
1.790000e+01 2.108012e-08
1.790909e+01 2.163070e-08
1.791818e+01 2.216433e-08
1.792727e+01 2.268124e-08
1.793636e+01 2.318165e-08
1.794545e+01 2.366577e-08
1.795455e+01 2.413382e-08
1.796364e+01 2.458603e-08
1.797273e+01 2.502260e-08
1.798182e+01 2.544376e-08
1.799091e+01 2.584971e-08
1.800000e+01 2.624069e-08
1.800909e+01 2.661689e-08
1.801818e+01 2.697853e-08
1.802727e+01 2.732583e-08
1.803636e+01 2.765901e-08
1.804545e+01 2.797826e-08
1.805455e+01 2.828380e-08
1.806364e+01 2.857585e-08
1.807273e+01 2.885461e-08
1.808182e+01 2.912028e-08
1.809091e+01 2.937308e-08
1.810000e+01 2.961322e-08
1.810909e+01 2.984089e-08
1.811818e+01 3.005630e-08
1.812727e+01 3.025965e-08
1.813636e+01 3.045115e-08
1.814545e+01 3.063099e-08
1.815455e+01 3.079938e-08
1.816364e+01 3.095650e-08
1.817273e+01 3.110257e-08
1.818182e+01 3.123777e-08
